{
 	"Name": "Швеллер 20У ГОСТ 8240",
 	"X": 0.020790131049543678,
 	"Y": 0.0999999999999588,
 	"Alpha": 1.570796326794406,
 	"A": 0.00232131009065694,
 	"AtBasePoint": {
 		"Jxx": 0.00003829215783019742,
 		"Ymax": 0.2,
 		"Wx": 0.00019146078915098708,
 		"Rx": 0.12843646401981304,
 		"Sx": 0.0002321310090655983,
 		"WxPlastic": 0.0002321310090655983,
 		"Jyy": 0.0000021686408456398962,
 		"Xmax": 0.07600000000000001,
 		"Wy": 0.000028534747968945998,
 		"Ry": 0.03056519965703006,
 		"Sy": 0.00004826034099138591,
 		"WyPlastic": 0.00004826034099138592,
 		"Jxy": 0,
 		"Jo": 0.000040460798675837314,
 		"Ro": 0.13202331884931098
 	},
 	"AtCenterPoint": {
 		"Jxx": 0.000015079057307118399,
 		"Ymax": 0.10000000000004126,
 		"Wx": 0.00015079057307112176,
 		"Rx": 0.08059730426705977,
 		"Sx": 1.8634724839594607e-20,
 		"WxPlastic": 0.00017390115688028588,
 		"Jyy": 0.0000011654120421968413,
 		"Xmax": 0.05520986895045634,
 		"Wy": 0.000021108763059058277,
 		"Ry": 0.022406456044458786,
 		"Sy": 3.546950466627383e-21,
 		"WyPlastic": 0.000044458936041601184,
 		"Jxy": 6.8244297536496236e-18,
 		"Jo": 0.00001624446934931524,
 		"Ro": 0.08365389846019895
 	},
 	"OnSectionAxe": {
 		"Jxx": 0.0000011653020319332966,
 		"Ymax": 0.0552098689505054,
 		"Wx": 0.000021106770475727226,
 		"Rx": 0.02240539847931522,
 		"Sx": -5.717472393966527e-21,
 		"WxPlastic": 0.00004445893604160118,
 		"Jyy": 0.00001507909053906179,
 		"Xmax": 0.1000000000000683,
 		"Wy": 0.0001507909053905149,
 		"Ry": 0.08059739307909632,
 		"Sy": -4.1928130889087867e-20,
 		"WyPlastic": 0.00017390115688028596,
 		"Jxy": 0,
 		"Jo": 0.000016244392570995086,
 		"Ro": 0.08365370076788751
 	}
 }